Tiempos de ejecucion del caso 3 (50 corridas) - No concurrente: 
0.017034
0.020256
0.016882
0.013952
0.012353
0.015028
0.017506
0.013469
0.017795
0.016945
0.019489
0.015498
0.013608
0.016727
0.013212
0.012864
0.018944
0.019678
0.021611
0.014826
0.014734
0.014799
0.01807
0.020277
0.015676
0.017754
0.012818
0.013042
0.021402
0.016152
0.016313
0.021861
0.015329
0.025272
0.015512
0.016764
0.016957
0.017489
0.019331
0.019866
0.016748
0.011838
0.024283
0.016701
0.018006
0.023405
0.025746
0.016617
0.024192
0.020114
La media fue de: 0.0169135

Tiempos de ejecucion del caso 3 (50 corridas) - Concurrente: 
0.018521
0.018743
0.017285
0.017819
0.024872
0.015355
0.012072
0.027973
0.027487
0.016761
0.015691
0.021616
0.013809
0.02422
0.015295
0.022163
0.009241
0.012851
0.030838
0.012449
0.019567
0.017001
0.018988
0.015071
0.016573
0.011088
0.020002
0.025178
0.015242
0.016262
0.020222
0.012403
0.022477
0.012593
0.017602
0.019821
0.018553
0.022196
0.009391
0.013235
0.018594
0.016042
0.020817
0.009907
0.011976
0.019488
0.014265
0.013528
0.012463
0.011151
La media fue de: 0.016881
