Tiempos de ejecucion del caso 1 (50 corridas) - No concurrente: 
0.017458
0.015052
0.01427
0.013517
0.014034
0.016898
0.015633
0.009486
0.015799
0.016001
0.016235
0.013447
0.016799
0.012369
0.017061
0.014106
0.012079
0.015431
0.016046
0.010909
0.018109
0.011948
0.010955
0.019946
0.014058
0.014391
0.009712
0.017226
0.01835
0.011809
0.012395
0.015861
0.01627
0.011253
0.025065
0.014379
0.01289
0.019129
0.013757
0.014403
0.01333
0.0123
0.014049
0.01983
0.013616
0.021088
0.011998
0.016832
0.014474
0.011567
La media fue de: 0.014385

Tiempos de ejecucion del caso 1 (50 corridas) - Concurrente: 
0.019658
0.019992
0.014188
0.024032
0.019581
0.018704
0.01278
0.010467
0.021216
0.013032
0.020084
0.012665
0.016158
0.01752
0.011589
0.022839
0.011688
0.012279
0.018321
0.016797
0.016729
0.019543
0.020339
0.021582
0.020688
0.01409
0.009855
0.017884
0.015676
0.012294
0.014676
0.0148
0.010381
0.013933
0.01746
0.016205
0.012667
0.01861
0.018281
0.018773
0.015222
0.01699
0.019448
0.013275
0.01966
0.012331
0.015603
0.01935
0.013402
0.023212
La media fue de: 0.016763
