Tiempos de ejecucion del caso 2 (50 corridas) - No concurrente: 
0.020654
0.010713
0.020377
0.011823
0.012854
0.016912
0.017798
0.027396
0.011813
0.013278
0.014589
0.032826
0.010217
0.010896
0.010814
0.013589
0.012373
0.008133
0.020748
0.010198
0.008363
0.008368
0.013475
0.016806
0.007395
0.022474
0.009167
0.009158
0.013183
0.016718
0.010918
0.014278
0.00869
0.014065
0.016625
0.020341
0.011913
0.020014
0.011745
0.009189
0.01247
0.015367
0.011135
0.020298
0.012764
0.010709
0.010363
0.013577
0.01353
0.019114
La media fue de: 0.0130185

Tiempos de ejecucion del caso 2 (50 corridas) - Concurrente: 
0.014453
0.009822
0.011488
0.012214
0.01068
0.008202
0.012861
0.010107
0.020383
0.01943
0.013473
0.008335
0.017976
0.01266
0.008857
0.014773
0.015009
0.010192
0.008496
0.013645
0.017393
0.010082
0.018089
0.011164
0.009881
0.009071
0.008603
0.015882
0.009788
0.016573
0.014365
0.00835
0.015435
0.010959
0.007861
0.007875
0.008686
0.01368
0.010681
0.009716
0.012751
0.011536
0.01416
0.012096
0.01883
0.011818
0.022092
0.010037
0.008068
0.014417
La media fue de: 0.011677
